# BRON: KONINKLIJK NEDERLANDS METEOROLOGISCH INSTITUUT (KNMI)
# Opmerking: door stationsverplaatsingen en veranderingen in waarneemmethodieken zijn deze tijdreeksen van dagwaarden mogelijk inhomogeen! Dat betekent dat deze reeks van gemeten waarden niet geschikt is voor trendanalyse. Voor studies naar klimaatverandering verwijzen we naar de gehomogeniseerde reeks maandtemperaturen van De Bilt <http://www.knmi.nl/kennis-en-datacentrum/achtergrond/gehomogeniseerde-reeks-maandtemperaturen-de-bilt> of de Centraal Nederland Temperatuur <http://www.knmi.nl/kennis-en-datacentrum/achtergrond/centraal-nederland-temperatuur-cnt>.
# 
# 
# STN      LON(east)   LAT(north)     ALT(m)  NAME
# 330:         4.122       51.992      11.90  HOEK VAN HOLLAND
# 380:         5.762       50.906     114.30  MAASTRICHT
# 
# YYYYMMDD = Datum (YYYY=jaar MM=maand DD=dag); 
# FG       = Etmaalgemiddelde windsnelheid (in 0.1 m/s); 
# FHX      = Hoogste uurgemiddelde windsnelheid (in 0.1 m/s); 
# FHN      = Laagste uurgemiddelde windsnelheid (in 0.1 m/s); 
# 
# STN,YYYYMMDD,   FG,  FHX,  FHN
# 
  330,20160101,   64,  110,   10
  330,20160102,  103,  120,   90
  330,20160103,  113,  140,   90
  330,20160104,   71,  110,   40
  330,20160105,   80,  100,   60
  330,20160106,   62,   80,   40
  330,20160107,  135,  230,   80
  330,20160108,   91,  170,   60
  330,20160109,   93,  140,   60
  330,20160110,   99,  130,   70
  330,20160111,   84,  100,   70
  330,20160112,  113,  180,   80
  330,20160113,  109,  210,   70
  330,20160114,  114,  180,   80
  330,20160115,  103,  180,   10
  330,20160116,  139,  190,   20
  330,20160117,   69,  140,   40
  330,20160118,   59,   80,   40
  330,20160119,   37,   60,   10
  330,20160120,   45,   90,   10
  330,20160121,   50,   70,   10
  330,20160122,   90,  110,   70
  330,20160123,   69,   80,   40
  330,20160124,   86,  100,   70
  330,20160125,   87,  120,   60
  330,20160126,  105,  150,   50
  330,20160127,  124,  150,   60
  330,20160128,   95,  130,   70
  330,20160129,  140,  160,  120
  330,20160130,  132,  160,   80
  330,20160131,  101,  140,   60
  330,20160201,  129,  150,  100
  330,20160202,  109,  140,   90
  330,20160203,  113,  140,   90
  330,20160204,   86,  130,   20
  330,20160205,   85,  120,   30
  330,20160206,  108,  140,   90
  330,20160207,  128,  170,   90
  330,20160208,  160,  190,  140
  330,20160209,   96,  140,   20
  330,20160210,   94,  120,   50
  330,20160211,   57,   90,   20
  330,20160212,   52,   70,   30
  330,20160213,   74,  100,   40
  330,20160214,  125,  180,   80
  330,20160215,  108,  180,   40
  330,20160216,   43,   80,   20
  330,20160217,   53,   70,   30
  330,20160218,   61,   90,   10
  330,20160219,   67,  130,   10
  330,20160220,  113,  140,   90
  330,20160221,  133,  160,   70
  330,20160222,   78,  130,   50
  330,20160223,   73,  120,   40
  330,20160224,   35,   70,   10
  330,20160225,   68,  100,   30
  330,20160226,   35,   70,   20
  330,20160227,   81,  100,   50
  330,20160228,   92,  130,   60
  330,20160229,   63,   90,   20
  330,20160301,   94,  130,   20
  330,20160302,   97,  130,   40
  330,20160303,   55,   90,   10
  330,20160304,   69,  140,   10
  330,20160305,   38,   60,   10
  330,20160306,   73,  130,   20
  330,20160307,   35,   80,   20
  330,20160308,   54,  100,   20
  330,20160309,  108,  150,   60
  330,20160310,   54,   80,   30
  330,20160311,   51,   70,   30
  330,20160312,   46,   70,   20
  330,20160313,   70,   90,   50
  330,20160314,   78,  100,   40
  330,20160315,   58,   90,   20
  330,20160316,   81,  110,   60
  330,20160317,   76,  100,   50
  330,20160318,   70,  100,   50
  330,20160319,   89,  110,   80
  330,20160320,   68,  100,   40
  330,20160321,   65,   90,   40
  330,20160322,   57,   80,   50
  330,20160323,   58,   90,   20
  330,20160324,   60,  110,   20
  330,20160325,   70,  100,   20
  330,20160326,  110,  150,   50
  330,20160327,   98,  120,   60
  330,20160328,  146,  190,  100
  330,20160329,   85,  110,   50
  330,20160330,   62,   90,   20
  330,20160331,   65,  110,   10
  330,20160401,   38,   90,   20
  330,20160402,   51,  100,   30
  330,20160403,   59,  100,   30
  330,20160404,   45,   80,   10
  330,20160405,   52,   80,   30
  330,20160406,   97,  140,   50
  330,20160407,   77,  100,   30
  330,20160408,   33,   70,   10
  330,20160409,   66,  100,   40
  330,20160410,   56,  100,   10
  330,20160411,   86,  120,   20
  330,20160412,   51,  100,   20
  330,20160413,   38,   60,   10
  330,20160414,   39,   60,   20
  330,20160415,   55,   90,   20
  330,20160416,   87,  130,   50
  330,20160417,   61,   90,   30
  330,20160418,   71,  110,   40
  330,20160419,   75,   90,   30
  330,20160420,   71,  120,   30
  330,20160421,   85,  130,   50
  330,20160422,   90,  130,   50
  330,20160423,   97,  120,   60
  330,20160424,  108,  140,   80
  330,20160425,   98,  140,   50
  330,20160426,  149,  190,  120
  330,20160427,  112,  160,   30
  330,20160428,   59,   90,   20
  330,20160429,   92,  120,   60
  330,20160430,   63,   80,   40
  330,20160501,   37,   60,    0
  330,20160502,   71,   90,   40
  330,20160503,   63,  110,   20
  330,20160504,   46,   70,   30
  330,20160505,   60,   80,   40
  330,20160506,   48,   70,   10
  330,20160507,   48,   60,   10
  330,20160508,   85,  100,   70
  330,20160509,   89,  110,   70
  330,20160510,   51,   80,   10
  330,20160511,   59,   80,   40
  330,20160512,   88,  110,   70
  330,20160513,  119,  160,   70
  330,20160514,  118,  140,   90
  330,20160515,   92,  130,   60
  330,20160516,   50,   90,   20
  330,20160517,   57,   80,   40
  330,20160518,   53,   80,   20
  330,20160519,   51,  100,   30
  330,20160520,   77,   90,   60
  330,20160521,   70,  120,   10
  330,20160522,   46,   90,    0
  330,20160523,  102,  120,   80
  330,20160524,   98,  110,   60
  330,20160525,   37,   50,   20
  330,20160526,   48,   80,   10
  330,20160527,   71,  110,   20
  330,20160528,   68,   90,   50
  330,20160529,   96,  130,   70
  330,20160530,  142,  160,   90
  330,20160531,   65,  110,   30
  330,20160601,   93,  150,   50
  330,20160602,  145,  170,  110
  330,20160603,   55,  100,   30
  330,20160604,   41,   70,   20
  330,20160605,   87,  100,   50
  330,20160606,   75,   90,   50
  330,20160607,   71,   90,   50
  330,20160608,   69,   90,   40
  330,20160609,   63,   80,   30
  330,20160610,   43,   70,   10
  330,20160611,   43,   60,   20
  330,20160612,   38,   80,   10
  330,20160613,   62,   90,   40
  330,20160614,   66,   90,   40
  330,20160615,   50,   70,   30
  330,20160616,   34,   60,   20
  330,20160617,   32,   70,   10
  330,20160618,   83,  130,   30
  330,20160619,   56,   90,    0
  330,20160620,   91,  110,   60
  330,20160621,   50,   70,   40
  330,20160622,   50,   70,   30
  330,20160623,   48,  100,   10
  330,20160624,   43,   60,   30
  330,20160625,   43,   70,   20
  330,20160626,   62,   90,   40
  330,20160627,   55,   90,    0
  330,20160628,   40,   70,   20
  330,20160629,   90,  100,   80
  330,20160630,   77,  110,   60
  330,20160701,  100,  120,   80
  330,20160702,   90,  110,   70
  330,20160703,   58,   80,   30
  330,20160704,   33,   60,   10
  330,20160705,   88,  130,   30
  330,20160706,   42,  110,   20
  330,20160707,   48,   70,   30
  330,20160708,   71,  100,   30
  330,20160709,   64,  100,   20
  330,20160710,   72,  110,   40
  330,20160711,  119,  150,   70
  330,20160712,   58,   90,   40
  330,20160713,   71,  120,   30
  330,20160714,   75,  100,   50
  330,20160715,   55,   80,   20
  330,20160716,   68,   80,   50
  330,20160717,   35,   60,   10
  330,20160718,   30,   50,   10
  330,20160719,   45,   80,   20
  330,20160720,   76,  100,   50
  330,20160721,   48,   70,   30
  330,20160722,   55,   80,   30
  330,20160723,   57,   80,   30
  330,20160724,   41,   60,   10
  330,20160725,   51,   70,   20
  330,20160726,   39,   50,   10
  330,20160727,   70,  110,   30
  330,20160728,   58,   80,   30
  330,20160729,   73,   90,   50
  330,20160730,   38,   60,   20
  330,20160731,   50,   70,   20
  330,20160801,   53,   90,   30
  330,20160802,   63,   90,   30
  330,20160803,  108,  140,   80
  330,20160804,   87,  100,   40
  330,20160805,   57,   80,   30
  330,20160806,   54,   80,   30
  330,20160807,   96,  120,   60
  330,20160808,   79,  110,   20
  330,20160809,   65,  100,   30
  330,20160810,   63,  100,   30
  330,20160811,   80,  110,   50
  330,20160812,   83,  100,   70
  330,20160813,   60,   80,   20
  330,20160814,   47,   80,   10
  330,20160815,   61,  120,   30
  330,20160816,   68,  100,   50
  330,20160817,   66,  100,   40
  330,20160818,   61,  100,   30
  330,20160819,   50,   90,   20
  330,20160820,   89,  130,   60
  330,20160821,   93,  110,   70
  330,20160822,   79,  110,   40
  330,20160823,   42,   70,   20
  330,20160824,   55,   80,   30
  330,20160825,   36,   60,   10
  330,20160826,   49,   70,   20
  330,20160827,   68,  100,   30
  330,20160828,   74,  110,   30
  330,20160829,   55,   80,   10
  330,20160830,   37,   50,   20
  330,20160831,   37,   60,   20
  330,20160901,   38,   60,   20
  330,20160902,   68,  100,   40
  330,20160903,   63,  100,   40
  330,20160904,  110,  130,   80
  330,20160905,   49,  100,   10
  330,20160906,   35,   50,   20
  330,20160907,   39,   80,   10
  330,20160908,   60,   90,   40
  330,20160909,   43,   60,   20
  330,20160910,   51,   80,   30
  330,20160911,   44,   70,   30
  330,20160912,   43,   60,   20
  330,20160913,   61,   80,   30
  330,20160914,   55,   70,   30
  330,20160915,   63,   80,   20
  330,20160916,   69,   90,   20
  330,20160917,   54,  100,   20
  330,20160918,   73,   90,   40
  330,20160919,   32,   60,   10
  330,20160920,   34,   50,    0
  330,20160921,   33,   50,   20
  330,20160922,   43,   60,   30
  330,20160923,   50,   90,   20
  330,20160924,   68,  100,   40
  330,20160925,   78,  100,   60
  330,20160926,   38,   70,   20
  330,20160927,   63,   90,   40
  330,20160928,   98,  120,   80
  330,20160929,  104,  130,   80
  330,20160930,   67,   80,   50
  330,20161001,   67,   90,   50
  330,20161002,  115,  170,   30
  330,20161003,   94,  160,   50
  330,20161004,   73,   90,   50
  330,20161005,   86,  120,   60
  330,20161006,   72,   90,   60
  330,20161007,   55,   70,   30
  330,20161008,   47,   60,   30
  330,20161009,   42,  110,   20
  330,20161010,   35,   60,   20
  330,20161011,   41,   60,   20
  330,20161012,   71,  100,   60
  330,20161013,   94,  130,   70
  330,20161014,   71,  100,   40
  330,20161015,   72,  100,   40
  330,20161016,   72,  110,   40
  330,20161017,   59,   70,   40
  330,20161018,   99,  160,   60
  330,20161019,  103,  190,   20
  330,20161020,   93,  150,   40
  330,20161021,   45,   80,   20
  330,20161022,   43,   70,   20
  330,20161023,   42,   60,   30
  330,20161024,   49,   70,   10
  330,20161025,   30,   50,   10
  330,20161026,   51,   70,   30
  330,20161027,   63,   80,   40
  330,20161028,   64,  100,   30
  330,20161029,   16,   30,    0
  330,20161030,   23,   40,   10
  330,20161031,   22,   40,    0
  330,20161101,   70,  120,   30
  330,20161102,  106,  140,   60
  330,20161103,   60,   90,   10
  330,20161104,   75,   90,   60
  330,20161105,   84,  150,   20
  330,20161106,   84,  130,   20
  330,20161107,   59,  100,   20
  330,20161108,   47,   90,   20
  330,20161109,   61,   80,   40
  330,20161110,   60,   90,   30
  330,20161111,   63,  110,   30
  330,20161112,   78,   90,   50
  330,20161113,   49,   70,   30
  330,20161114,   62,   90,   30
  330,20161115,   65,  100,   40
  330,20161116,   75,  100,   40
  330,20161117,   89,  150,   30
  330,20161118,   99,  120,   80
  330,20161119,   94,  110,   80
  330,20161120,  124,  230,   30
  330,20161121,   95,  130,   60
  330,20161122,  105,  150,   50
  330,20161123,   58,  100,    0
  330,20161124,  114,  140,  100
  330,20161125,   87,  120,   40
  330,20161126,   35,   70,   10
  330,20161127,   69,  110,   30
  330,20161128,   63,   80,   50
  330,20161129,   35,   70,   20
  330,20161130,   73,  110,   30
  330,20161201,   76,  100,   60
  330,20161202,   66,   90,   40
  330,20161203,   43,   60,   20
  330,20161204,   70,   90,   40
  380,20160101,   38,   70,   20
  380,20160102,   40,   60,   20
  380,20160103,   61,   80,   40
  380,20160104,   55,   70,   40
  380,20160105,   48,   60,   30
  380,20160106,   28,   40,   20
  380,20160107,   64,  100,   40
  380,20160108,   53,   70,   30
  380,20160109,   56,   80,   40
  380,20160110,   70,  100,   30
  380,20160111,   58,   80,   40
  380,20160112,   75,  100,   50
  380,20160113,   53,   70,   30
  380,20160114,   80,  110,   60
  380,20160115,   37,  100,   20
  380,20160116,   39,   80,   20
  380,20160117,   21,   30,   10
  380,20160118,   26,   30,   20
  380,20160119,   18,   40,   10
  380,20160120,   43,   50,   30
  380,20160121,   18,   30,   10
  380,20160122,   46,   90,   20
  380,20160123,   51,   70,   40
  380,20160124,   61,   90,   40
  380,20160125,   48,   80,   20
  380,20160126,   76,  110,   40
  380,20160127,   99,  110,   80
  380,20160128,   38,   70,   20
  380,20160129,   97,  120,   60
  380,20160130,   92,  130,   40
  380,20160131,   64,   80,   40
  380,20160201,   97,  120,   70
  380,20160202,   65,  110,   40
  380,20160203,   45,   60,   20
  380,20160204,   51,   90,   20
  380,20160205,   56,   70,   30
  380,20160206,   73,  100,   40
  380,20160207,   90,  130,   50
  380,20160208,  126,  150,   90
  380,20160209,   77,  120,   50
  380,20160210,   62,   90,   30
  380,20160211,   43,   50,   20
  380,20160212,   44,   60,   30
  380,20160213,   36,   70,   10
  380,20160214,   26,   30,   10
  380,20160215,   49,   70,   20
  380,20160216,   17,   40,    0
  380,20160217,   18,   40,   10
  380,20160218,   31,   60,   10
  380,20160219,   35,   70,   10
  380,20160220,   79,   90,   60
  380,20160221,   86,  100,   70
  380,20160222,   61,  100,   10
  380,20160223,   33,   50,   20
  380,20160224,   22,   30,    0
  380,20160225,   28,   40,   10
  380,20160226,   25,   30,   10
  380,20160227,   52,   70,   30
  380,20160228,   72,  100,   50
  380,20160229,   60,   80,   20
  380,20160301,   55,   90,   10
  380,20160302,   70,   90,   50
  380,20160303,   33,   60,   10
  380,20160304,   42,   80,   10
  380,20160305,   18,   30,   10
  380,20160306,   25,   30,   20
  380,20160307,   18,   30,    0
  380,20160308,   39,   50,   20
  380,20160309,   52,   70,   30
  380,20160310,   30,   40,   10
  380,20160311,   35,   50,   30
  380,20160312,   28,   50,   10
  380,20160313,   53,   70,   30
  380,20160314,   51,   70,   40
  380,20160315,   38,   60,   10
  380,20160316,   57,   90,   30
  380,20160317,   32,   50,   10
  380,20160318,   16,   30,   10
  380,20160319,   21,   30,    0
  380,20160320,   26,   40,   20
  380,20160321,   27,   40,   20
  380,20160322,   29,   50,   20
  380,20160323,   30,   50,   20
  380,20160324,   32,   40,   20
  380,20160325,   42,   60,   10
  380,20160326,   58,   90,   20
  380,20160327,   71,   90,   40
  380,20160328,   86,  130,   50
  380,20160329,   63,   90,   20
  380,20160330,   43,   60,   10
  380,20160331,   40,   70,   10
  380,20160401,   28,   50,   10
  380,20160402,   22,   50,    0
  380,20160403,   46,   70,   30
  380,20160404,   39,   70,   10
  380,20160405,   24,   40,   10
  380,20160406,   62,   90,   30
  380,20160407,   46,   70,   10
  380,20160408,   18,   30,   10
  380,20160409,   30,   40,   20
  380,20160410,   33,   60,    0
  380,20160411,   45,   70,   20
  380,20160412,   23,   40,   10
  380,20160413,   18,   30,   10
  380,20160414,   23,   50,   10
  380,20160415,   59,   80,   20
  380,20160416,   45,   80,   10
  380,20160417,   23,   40,   10
  380,20160418,   35,   50,   20
  380,20160419,   34,   40,   30
  380,20160420,   42,   60,   20
  380,20160421,   47,   60,   30
  380,20160422,   54,   70,   50
  380,20160423,   44,   60,   20
  380,20160424,   29,   50,   20
  380,20160425,   46,   70,   30
  380,20160426,   53,   70,   20
  380,20160427,   48,   70,   20
  380,20160428,   35,   60,   20
  380,20160429,   47,   90,   20
  380,20160430,   18,   40,    0
  380,20160501,   45,   60,   10
  380,20160502,   25,   30,   10
  380,20160503,   35,   50,   10
  380,20160504,   26,   40,   10
  380,20160505,   39,   60,   20
  380,20160506,   33,   50,   20
  380,20160507,   33,   60,   10
  380,20160508,   55,   80,   40
  380,20160509,   52,   70,   20
  380,20160510,   28,   50,   10
  380,20160511,   35,   60,   10
  380,20160512,   34,   60,   20
  380,20160513,   48,   80,   20
  380,20160514,   47,   70,   30
  380,20160515,   38,   60,   20
  380,20160516,   23,   40,   10
  380,20160517,   33,   60,   10
  380,20160518,   37,   70,   20
  380,20160519,   28,   40,   20
  380,20160520,   46,   70,   30
  380,20160521,   44,   60,   20
  380,20160522,   35,   60,   20
  380,20160523,   43,   60,   30
  380,20160524,   30,   40,   10
  380,20160525,   11,   20,    0
  380,20160526,   23,   50,    0
  380,20160527,   29,   50,   10
  380,20160528,   15,   30,   10
  380,20160529,   30,   50,   10
  380,20160530,   39,   60,   20
  380,20160531,   23,   50,   10
  380,20160601,   30,   50,   20
  380,20160602,   43,   60,   30
  380,20160603,   24,   40,   20
  380,20160604,   23,   30,   10
  380,20160605,   20,   40,   10
  380,20160606,   20,   40,    0
  380,20160607,   21,   50,   10
  380,20160608,   29,   60,   10
  380,20160609,   27,   30,   20
  380,20160610,   15,   30,    0
  380,20160611,   26,   40,   10
  380,20160612,   24,   40,   10
  380,20160613,   31,   40,   20
  380,20160614,   39,   50,   20
  380,20160615,   29,   40,   10
  380,20160616,   18,   50,    0
  380,20160617,   28,   40,   10
  380,20160618,   31,   40,   20
  380,20160619,   21,   40,   10
  380,20160620,   55,   80,   30
  380,20160621,   34,   50,   20
  380,20160622,   23,   30,   10
  380,20160623,   28,   60,   20
  380,20160624,   26,   50,   10
  380,20160625,   23,   30,   10
  380,20160626,   37,   50,   20
  380,20160627,   35,   50,   10
  380,20160628,   29,   50,   10
  380,20160629,   45,   70,   10
  380,20160630,   46,   70,   30
  380,20160701,   55,   80,   30
  380,20160702,   45,   60,   20
  380,20160703,   37,   50,   20
  380,20160704,   20,   30,   10
  380,20160705,   40,   60,   10
  380,20160706,   23,   30,   10
  380,20160707,   18,   30,   10
  380,20160708,   40,   60,   20
  380,20160709,   34,   50,   20
  380,20160710,   42,   70,   10
  380,20160711,   47,   70,   10
  380,20160712,   34,   50,   10
  380,20160713,   28,   40,   20
  380,20160714,   31,   60,   10
  380,20160715,   22,   30,   10
  380,20160716,   31,   40,   20
  380,20160717,   30,   40,   10
  380,20160718,   18,   30,    0
  380,20160719,   23,   40,   10
  380,20160720,   32,   70,   20
  380,20160721,   27,   40,   10
  380,20160722,   30,   40,   10
  380,20160723,   24,   30,   20
  380,20160724,   18,   30,   10
  380,20160725,   28,   50,   10
  380,20160726,   10,   20,    0
  380,20160727,   38,   60,   10
  380,20160728,   32,   50,   10
  380,20160729,   35,   50,   10
  380,20160730,   32,   50,   10
  380,20160731,   24,   50,   10
  380,20160801,   33,   50,   20
  380,20160802,   46,   60,   10
  380,20160803,   55,   70,   40
  380,20160804,   43,   60,   20
  380,20160805,   28,   40,   10
  380,20160806,   33,   50,   10
  380,20160807,   39,   60,   20
  380,20160808,   39,   60,   10
  380,20160809,   25,   50,   10
  380,20160810,   20,   40,   10
  380,20160811,   47,   70,   20
  380,20160812,   35,   40,   20
  380,20160813,   31,   50,   10
  380,20160814,   25,   40,    0
  380,20160815,   38,   50,   30
  380,20160816,   40,   50,   30
  380,20160817,   42,   50,   30
  380,20160818,   15,   30,   10
  380,20160819,   33,   50,    0
  380,20160820,   46,   70,   20
  380,20160821,   54,   70,   30
  380,20160822,   36,   60,   10
  380,20160823,   26,   40,   10
  380,20160824,   20,   30,   10
  380,20160825,   19,   30,   10
  380,20160826,   32,   50,   10
  380,20160827,   38,   70,   20
  380,20160828,   37,   60,   20
  380,20160829,   25,   40,   10
  380,20160830,   19,   40,    0
  380,20160831,   19,   40,    0
  380,20160901,   27,   40,    0
  380,20160902,   28,   50,   10
  380,20160903,   32,   40,   20
  380,20160904,   51,   80,   30
  380,20160905,   24,   40,    0
  380,20160906,   15,   30,   10
  380,20160907,   27,   50,   10
  380,20160908,   34,   50,   10
  380,20160909,   23,   40,   10
  380,20160910,   22,   30,   10
  380,20160911,   24,   40,   10
  380,20160912,   19,   30,   10
  380,20160913,   29,   50,   10
  380,20160914,   19,   30,   10
  380,20160915,   35,   60,   10
  380,20160916,   37,   60,   20
  380,20160917,   23,   40,   10
  380,20160918,   29,   60,    0
  380,20160919,   24,   40,   10
  380,20160920,   15,   30,    0
  380,20160921,   21,   30,    0
  380,20160922,   20,   40,    0
  380,20160923,   27,   40,   10
  380,20160924,   29,   50,   20
  380,20160925,   40,   60,   20
  380,20160926,   20,   30,    0
  380,20160927,   22,   40,   10
  380,20160928,   53,   70,   40
  380,20160929,   63,   90,   40
  380,20160930,   31,   50,   10
  380,20161001,   27,   50,   10
  380,20161002,   50,   70,   30
  380,20161003,   30,   40,   20
  380,20161004,   41,   60,   30
  380,20161005,   51,   80,   30
  380,20161006,   46,   60,   30
  380,20161007,   47,   60,   30
  380,20161008,   41,   60,   20
  380,20161009,   15,   30,    0
  380,20161010,   25,   50,   10
  380,20161011,   17,   30,    0
  380,20161012,   41,   60,   10
  380,20161013,   54,   80,   20
  380,20161014,   40,   60,   20
  380,20161015,   40,   70,   10
  380,20161016,   31,   40,   20
  380,20161017,   28,   40,   10
  380,20161018,   50,   80,   30
  380,20161019,   45,   80,   20
  380,20161020,   33,   50,   10
  380,20161021,   26,   40,   20
  380,20161022,   22,   40,   10
  380,20161023,   27,   40,   10
  380,20161024,   19,   50,    0
  380,20161025,   15,   30,    0
  380,20161026,   20,   40,    0
  380,20161027,   37,   40,   20
  380,20161028,   36,   50,   20
  380,20161029,   17,   30,    0
  380,20161030,   20,   40,    0
  380,20161031,   16,   30,   10
  380,20161101,   28,   60,   20
  380,20161102,   30,   50,   10
  380,20161103,   30,   40,   20
  380,20161104,   38,   40,   30
  380,20161105,   40,   60,   30
  380,20161106,   52,   70,   30
  380,20161107,   27,   50,   10
  380,20161108,   26,   50,   10
  380,20161109,   31,   40,   20
  380,20161110,   34,   50,   10
  380,20161111,   34,   50,   10
  380,20161112,   25,   40,   10
  380,20161113,   21,   30,   10
  380,20161114,   35,   60,   10
  380,20161115,   52,   60,   40
  380,20161116,   58,   70,   40
  380,20161117,   70,   90,   50
  380,20161118,   58,   90,   20
  380,20161119,   58,   70,   50
  380,20161120,   78,  140,   20
  380,20161121,   60,   80,   40
  380,20161122,   44,   80,   10
  380,20161123,   33,   60,   10
  380,20161124,   68,   90,   50
  380,20161125,   52,   80,   20
  380,20161126,   20,   30,   10
  380,20161127,   21,   40,   10
  380,20161128,   43,   60,   30
  380,20161129,   28,   40,   10
  380,20161130,   41,   50,   20
  380,20161201,   41,   50,   20
  380,20161202,   21,   30,   10
  380,20161203,   23,   40,   10
  380,20161204,   41,   60,   20
