STN,YYYYMMDD,   FG,  FHX,  FHN
330,20160101,   64,  110,   10
330,20160102,  103,  120,   90
330,20160103,  113,  140,   90
330,20160104,   71,  110,   40
330,20160105,   80,  100,   60
330,20160106,   62,   80,   40
330,20160107,  135,  230,   80
330,20160108,   91,  170,   60
330,20160109,   93,  140,   60
330,20160110,   99,  130,   70
330,20160111,   84,  100,   70
330,20160112,  113,  180,   80
330,20160113,  109,  210,   70
330,20160114,  114,  180,   80
330,20160115,  103,  180,   10
330,20160116,  139,  190,   20
330,20160117,   69,  140,   40
330,20160118,   59,   80,   40
330,20160119,   37,   60,   10
330,20160120,   45,   90,   10
330,20160121,   50,   70,   10
330,20160122,   90,  110,   70
330,20160123,   69,   80,   40
330,20160124,   86,  100,   70
330,20160125,   87,  120,   60
330,20160126,  105,  150,   50
330,20160127,  124,  150,   60
330,20160128,   95,  130,   70
330,20160129,  140,  160,  120
330,20160130,  132,  160,   80
330,20160131,  101,  140,   60
330,20160201,  129,  150,  100
330,20160202,  109,  140,   90
330,20160203,  113,  140,   90
330,20160204,   86,  130,   20
330,20160205,   85,  120,   30
330,20160206,  108,  140,   90
330,20160207,  128,  170,   90
330,20160208,  160,  190,  140
330,20160209,   96,  140,   20
330,20160210,   94,  120,   50
330,20160211,   57,   90,   20
330,20160212,   52,   70,   30
330,20160213,   74,  100,   40
330,20160214,  125,  180,   80
330,20160215,  108,  180,   40
330,20160216,   43,   80,   20
330,20160217,   53,   70,   30
330,20160218,   61,   90,   10
330,20160219,   67,  130,   10
330,20160220,  113,  140,   90
330,20160221,  133,  160,   70
330,20160222,   78,  130,   50
330,20160223,   73,  120,   40
330,20160224,   35,   70,   10
330,20160225,   68,  100,   30
330,20160226,   35,   70,   20
330,20160227,   81,  100,   50
330,20160228,   92,  130,   60
330,20160229,   63,   90,   20
330,20160301,   94,  130,   20
330,20160302,   97,  130,   40
330,20160303,   55,   90,   10
330,20160304,   69,  140,   10
330,20160305,   38,   60,   10
330,20160306,   73,  130,   20
330,20160307,   35,   80,   20
330,20160308,   54,  100,   20
330,20160309,  108,  150,   60
330,20160310,   54,   80,   30
330,20160311,   51,   70,   30
330,20160312,   46,   70,   20
330,20160313,   70,   90,   50
330,20160314,   78,  100,   40
330,20160315,   58,   90,   20
330,20160316,   81,  110,   60
330,20160317,   76,  100,   50
330,20160318,   70,  100,   50
330,20160319,   89,  110,   80
330,20160320,   68,  100,   40
330,20160321,   65,   90,   40
330,20160322,   57,   80,   50
330,20160323,   58,   90,   20
330,20160324,   60,  110,   20
330,20160325,   70,  100,   20
330,20160326,  110,  150,   50
330,20160327,   98,  120,   60
330,20160328,  146,  190,  100
330,20160329,   85,  110,   50
330,20160330,   62,   90,   20
330,20160331,   65,  110,   10
330,20160401,   38,   90,   20
330,20160402,   51,  100,   30
330,20160403,   59,  100,   30
330,20160404,   45,   80,   10
330,20160405,   52,   80,   30
330,20160406,   97,  140,   50
330,20160407,   77,  100,   30
330,20160408,   33,   70,   10
330,20160409,   66,  100,   40
330,20160410,   56,  100,   10
330,20160411,   86,  120,   20
330,20160412,   51,  100,   20
330,20160413,   38,   60,   10
330,20160414,   39,   60,   20
330,20160415,   55,   90,   20
330,20160416,   87,  130,   50
330,20160417,   61,   90,   30
330,20160418,   71,  110,   40
330,20160419,   75,   90,   30
330,20160420,   71,  120,   30
330,20160421,   85,  130,   50
330,20160422,   90,  130,   50
330,20160423,   97,  120,   60
330,20160424,  108,  140,   80
330,20160425,   98,  140,   50
330,20160426,  149,  190,  120
330,20160427,  112,  160,   30
330,20160428,   59,   90,   20
330,20160429,   92,  120,   60
330,20160430,   63,   80,   40
330,20160501,   37,   60,    0
330,20160502,   71,   90,   40
330,20160503,   63,  110,   20
330,20160504,   46,   70,   30
330,20160505,   60,   80,   40
330,20160506,   48,   70,   10
330,20160507,   48,   60,   10
330,20160508,   85,  100,   70
330,20160509,   89,  110,   70
330,20160510,   51,   80,   10
330,20160511,   59,   80,   40
330,20160512,   88,  110,   70
330,20160513,  119,  160,   70
330,20160514,  118,  140,   90
330,20160515,   92,  130,   60
330,20160516,   50,   90,   20
330,20160517,   57,   80,   40
330,20160518,   53,   80,   20
330,20160519,   51,  100,   30
330,20160520,   77,   90,   60
330,20160521,   70,  120,   10
330,20160522,   46,   90,    0
330,20160523,  102,  120,   80
330,20160524,   98,  110,   60
330,20160525,   37,   50,   20
330,20160526,   48,   80,   10
330,20160527,   71,  110,   20
330,20160528,   68,   90,   50
330,20160529,   96,  130,   70
330,20160530,  142,  160,   90
330,20160531,   65,  110,   30
330,20160601,   93,  150,   50
330,20160602,  145,  170,  110
330,20160603,   55,  100,   30
330,20160604,   41,   70,   20
330,20160605,   87,  100,   50
330,20160606,   75,   90,   50
330,20160607,   71,   90,   50
330,20160608,   69,   90,   40
330,20160609,   63,   80,   30
330,20160610,   43,   70,   10
330,20160611,   43,   60,   20
330,20160612,   38,   80,   10
330,20160613,   62,   90,   40
330,20160614,   66,   90,   40
330,20160615,   50,   70,   30
330,20160616,   34,   60,   20
330,20160617,   32,   70,   10
330,20160618,   83,  130,   30
330,20160619,   56,   90,    0
330,20160620,   91,  110,   60
330,20160621,   50,   70,   40
330,20160622,   50,   70,   30
330,20160623,   48,  100,   10
330,20160624,   43,   60,   30
330,20160625,   43,   70,   20
330,20160626,   62,   90,   40
330,20160627,   55,   90,    0
330,20160628,   40,   70,   20
330,20160629,   90,  100,   80
330,20160630,   77,  110,   60
330,20160701,  100,  120,   80
330,20160702,   90,  110,   70
330,20160703,   58,   80,   30
330,20160704,   33,   60,   10
330,20160705,   88,  130,   30
330,20160706,   42,  110,   20
330,20160707,   48,   70,   30
330,20160708,   71,  100,   30
330,20160709,   64,  100,   20
330,20160710,   72,  110,   40
330,20160711,  119,  150,   70
330,20160712,   58,   90,   40
330,20160713,   71,  120,   30
330,20160714,   75,  100,   50
330,20160715,   55,   80,   20
330,20160716,   68,   80,   50
330,20160717,   35,   60,   10
330,20160718,   30,   50,   10
330,20160719,   45,   80,   20
330,20160720,   76,  100,   50
330,20160721,   48,   70,   30
330,20160722,   55,   80,   30
330,20160723,   57,   80,   30
330,20160724,   41,   60,   10
330,20160725,   51,   70,   20
330,20160726,   39,   50,   10
330,20160727,   70,  110,   30
330,20160728,   58,   80,   30
330,20160729,   73,   90,   50
330,20160730,   38,   60,   20
330,20160731,   50,   70,   20
330,20160801,   53,   90,   30
330,20160802,   63,   90,   30
330,20160803,  108,  140,   80
330,20160804,   87,  100,   40
330,20160805,   57,   80,   30
330,20160806,   54,   80,   30
330,20160807,   96,  120,   60
330,20160808,   79,  110,   20
330,20160809,   65,  100,   30
330,20160810,   63,  100,   30
330,20160811,   80,  110,   50
330,20160812,   83,  100,   70
330,20160813,   60,   80,   20
330,20160814,   47,   80,   10
330,20160815,   61,  120,   30
330,20160816,   68,  100,   50
330,20160817,   66,  100,   40
330,20160818,   61,  100,   30
330,20160819,   50,   90,   20
330,20160820,   89,  130,   60
330,20160821,   93,  110,   70
330,20160822,   79,  110,   40
330,20160823,   42,   70,   20
330,20160824,   55,   80,   30
330,20160825,   36,   60,   10
330,20160826,   49,   70,   20
330,20160827,   68,  100,   30
330,20160828,   74,  110,   30
330,20160829,   55,   80,   10
330,20160830,   37,   50,   20
330,20160831,   37,   60,   20
330,20160901,   38,   60,   20
330,20160902,   68,  100,   40
330,20160903,   63,  100,   40
330,20160904,  110,  130,   80
330,20160905,   49,  100,   10
330,20160906,   35,   50,   20
330,20160907,   39,   80,   10
330,20160908,   60,   90,   40
330,20160909,   43,   60,   20
330,20160910,   51,   80,   30
330,20160911,   44,   70,   30
330,20160912,   43,   60,   20
330,20160913,   61,   80,   30
330,20160914,   55,   70,   30
330,20160915,   63,   80,   20
330,20160916,   69,   90,   20
330,20160917,   54,  100,   20
330,20160918,   73,   90,   40
330,20160919,   32,   60,   10
330,20160920,   34,   50,    0
330,20160921,   33,   50,   20
330,20160922,   43,   60,   30
330,20160923,   50,   90,   20
330,20160924,   68,  100,   40
330,20160925,   78,  100,   60
330,20160926,   38,   70,   20
330,20160927,   63,   90,   40
330,20160928,   98,  120,   80
330,20160929,  104,  130,   80
330,20160930,   67,   80,   50
330,20161001,   67,   90,   50
330,20161002,  115,  170,   30
330,20161003,   94,  160,   50
330,20161004,   73,   90,   50
330,20161005,   86,  120,   60
330,20161006,   72,   90,   60
330,20161007,   55,   70,   30
330,20161008,   47,   60,   30
330,20161009,   42,  110,   20
330,20161010,   35,   60,   20
330,20161011,   41,   60,   20
330,20161012,   71,  100,   60
330,20161013,   94,  130,   70
330,20161014,   71,  100,   40
330,20161015,   72,  100,   40
330,20161016,   72,  110,   40
330,20161017,   59,   70,   40
330,20161018,   99,  160,   60
330,20161019,  103,  190,   20
330,20161020,   93,  150,   40
330,20161021,   45,   80,   20
330,20161022,   43,   70,   20
330,20161023,   42,   60,   30
330,20161024,   49,   70,   10
330,20161025,   30,   50,   10
330,20161026,   51,   70,   30
330,20161027,   63,   80,   40
330,20161028,   64,  100,   30
330,20161029,   16,   30,    0
330,20161030,   23,   40,   10
330,20161031,   22,   40,    0
330,20161101,   70,  120,   30
330,20161102,  106,  140,   60
330,20161103,   60,   90,   10
330,20161104,   75,   90,   60
330,20161105,   84,  150,   20
330,20161106,   84,  130,   20
330,20161107,   59,  100,   20
330,20161108,   47,   90,   20
330,20161109,   61,   80,   40
330,20161110,   60,   90,   30
330,20161111,   63,  110,   30
330,20161112,   78,   90,   50
330,20161113,   49,   70,   30
330,20161114,   62,   90,   30
330,20161115,   65,  100,   40
330,20161116,   75,  100,   40
330,20161117,   89,  150,   30
330,20161118,   99,  120,   80
330,20161119,   94,  110,   80
330,20161120,  124,  230,   30
330,20161121,   95,  130,   60
330,20161122,  105,  150,   50
330,20161123,   58,  100,    0
330,20161124,  114,  140,  100
330,20161125,   87,  120,   40
330,20161126,   35,   70,   10
330,20161127,   69,  110,   30
330,20161128,   63,   80,   50
330,20161129,   35,   70,   20
330,20161130,   73,  110,   30
330,20161201,   76,  100,   60
330,20161202,   66,   90,   40
330,20161203,   43,   60,   20
330,20161204,   70,   90,   40